# 184,tcp,telnet,SF,1511,2957,0,0,0,3,0,1,2,1,0,0,1,0,0,0,0,0,1,1,0.00,0.00,0.00,0.00,1.00,0.00,0.00,1,3,1.00,0.00,1.00,0.67,0.00,0.00,0.00,0.00,buffer_overflow.
# 305,tcp,telnet,SF,1735,2766,0,0,0,3,0,1,2,1,0,0,1,0,0,0,0,0,1,1,0.00,0.00,0.00,0.00,1.00,0.00,0.00,2,4,1.00,0.00,0.50,0.50,0.00,0.00,0.00,0.00,buffer_overflow.
# 25,tcp,telnet,SF,269,2333,0,0,0,0,0,1,0,1,0,2,2,1,0,0,0,0,1,1,0.00,0.00,0.00,0.00,1.00,0.00,0.00,69,2,0.03,0.06,0.01,0.00,0.00,0.00,0.00,0.00,perl.
# 0,tcp,telnet,S0,0,0,0,0,0,0,0,0,0,0,0,0,0,0,0,0,0,0,6,5,0.83,1.00,0.00,0.00,0.83,0.33,0.00,5,6,1.00,0.00,0.20,0.33,1.00,0.83,0.00,0.00,neptune.
# 0,tcp,telnet,S0,0,0,0,0,0,0,0,0,0,0,0,0,0,0,0,0,0,0,16,15,0.94,1.00,0.00,0.00,0.94,0.12,0.00,15,16,1.00,0.00,0.07,0.12,1.00,0.94,0.00,0.00,neptune.
# 0,icmp,ecr_i,SF,1032,0,0,0,0,0,0,0,0,0,0,0,0,0,0,0,0,0,316,316,0.00,0.00,0.00,0.00,1.00,0.00,0.00,148,3,0.02,0.02,0.02,0.00,0.00,0.00,0.00,0.00,smurf.
# 0,icmp,ecr_i,SF,1032,0,0,0,0,0,0,0,0,0,0,0,0,0,0,0,0,0,511,511,0.00,0.00,0.00,0.00,1.00,0.00,0.00,158,13,0.08,0.02,0.08,0.00,0.00,0.00,0.00,0.00,smurf.
# 0,icmp,ecr_i,SF,1032,0,0,0,0,0,0,0,0,0,0,0,0,0,0,0,0,0,511,511,0.00,0.00,0.00,0.00,1.00,0.00,0.00,168,23,0.14,0.02,0.14,0.00,0.00,0.00,0.00,0.00,smurf.
# 0,icmp,ecr_i,SF,1480,0,0,1,0,0,0,0,0,0,0,0,0,0,0,0,0,0,6,6,0.00,0.00,0.00,0.00,1.00,0.00,0.00,90,6,0.07,0.04,0.07,0.00,0.00,0.00,0.00,0.00,pod.
# 0,icmp,ecr_i,SF,1480,0,0,1,0,0,0,0,0,0,0,0,0,0,0,0,0,0,7,7,0.00,0.00,0.00,0.00,1.00,0.00,0.00,91,7,0.08,0.04,0.08,0.00,0.00,0.00,0.00,0.00,pod.
# 0,udp,private,SF,28,0,0,3,0,0,0,0,0,0,0,0,0,0,0,0,0,0,3,3,0.00,0.00,0.00,0.00,1.00,0.00,0.00,75,3,0.04,0.05,0.04,0.00,0.00,0.00,0.00,0.00,teardrop.
# 0,udp,private,SF,28,0,0,3,0,0,0,0,0,0,0,0,0,0,0,0,0,0,4,4,0.00,0.00,0.00,0.00,1.00,0.00,0.00,76,4,0.05,0.05,0.05,0.00,0.00,0.00,0.00,0.00,teardrop.
# 0,tcp,telnet,RSTO,126,179,0,0,0,1,1,0,0,0,0,0,0,0,0,0,0,0,2,2,0.00,0.00,1.00,1.00,1.00,0.00,0.00,22,22,1.00,0.00,0.05,0.00,0.05,0.05,0.95,0.95,guess_passwd.
# 60,tcp,telnet,S3,126,179,0,0,0,1,1,0,0,0,0,0,0,0,0,0,0,0,2,2,0.50,0.50,0.50,0.50,1.00,0.00,0.00,23,23,1.00,0.00,0.04,0.00,0.09,0.09,0.91,0.91,guess_passwd.
# 1,tcp,private,RSTR,0,0,0,0,0,0,0,0,0,0,0,0,0,0,0,0,0,0,8,2,0.00,0.00,1.00,1.00,0.25,0.50,0.00,178,2,0.01,0.04,0.04,0.00,0.01,0.00,0.32,1.00,portsweep.
# 1,tcp,private,RSTR,0,0,0,0,0,0,0,0,0,0,0,0,0,0,0,0,0,0,18,2,0.00,0.00,1.00,1.00,0.11,0.50,0.00,188,2,0.01,0.06,0.10,0.00,0.01,0.00,0.36,1.00,portsweep.
# 0,tcp,private,REJ,0,0,0,0,0,0,0,0,0,0,0,0,0,0,0,0,0,0,28,1,0.00,0.00,1.00,1.00,0.04,0.54,0.00,198,1,0.01,0.09,0.14,0.00,0.01,0.00,0.39,1.00,portsweep.